23

Ra 3.594235 0.0 0.0 
Ra 0.0 3.594235 0.0 
Ra 0.0 0.0 3.594235 
Ra 0.0 0.0 0.0 
Ra -3.594235 0.0 0.0 
Ra 0.0 -3.594235 0.0 
Ra 0.0 0.0 -3.594235 
O 1.7971175 1.7971175 1.7971175 
O 5.3913527 1.7971175 -1.7971175 
O 1.7971175 5.3913527 -1.7971175 
O 1.7971175 1.7971175 -5.3913527 
O 5.3913527 -1.7971175 1.7971175 
O 1.7971175 -1.7971175 5.3913527 
O 1.7971175 -5.3913527 1.7971175 
O 1.7971175 -1.7971175 -1.7971175 
O -1.7971175 5.3913527 1.7971175 
O -1.7971175 1.7971175 5.3913527 
O -5.3913527 1.7971175 1.7971175 
O -1.7971175 1.7971175 -1.7971175 
O -1.7971175 -1.7971175 1.7971175 
O -1.7971175 -1.7971175 -5.3913527 
O -1.7971175 -5.3913527 -1.7971175 
O -5.3913527 -1.7971175 -1.7971175 
23

Ra 3.5871394 -0.008339688 -0.013185685 
Ra 0.00026917434 3.5958588 0.006236431 
Ra 0.015268886 0.0063630473 3.5902855 
Ra -0.0103976345 -0.00044038246 0.002023619 
Ra -3.5973842 -0.0065963087 -0.004871122 
Ra 0.0061254967 -3.593442 -0.012977986 
Ra 0.0043441816 -0.0043585408 -3.6001582 
O 1.8054124 1.8070264 1.7943733 
O 5.3821917 1.7985342 -1.8015432 
O 1.7987761 5.391766 -1.7943742 
O 1.7977947 1.7948701 -5.3860064 
O 5.3924036 -1.8049984 1.8123152 
O 1.7973964 -1.7897273 5.38935 
O 1.7973623 -5.388531 1.7998031 
O 1.7933567 -1.80107 -1.7986789 
O -1.8023043 5.3906207 1.7983737 
O -1.8035712 1.7904317 5.376167 
O -5.3843474 1.7940274 1.7975 
O -1.7990788 1.7986741 -1.7992725 
O -1.7879392 -1.7915236 1.8005987 
O -1.8024908 -1.7981668 -5.3915157 
O -1.7917391 -5.3958077 -1.793783 
O -5.3972173 -1.793368 -1.790804 
23

Ra 3.049257 -0.42310524 -0.6689617 
Ra 0.013656274 3.4916227 0.31639874 
Ra 0.77465075 0.32282245 3.208871 
Ra -0.52751297 -0.022342337 0.102666155 
Ra -3.5690153 -0.33465672 -0.24713121 
Ra 0.3107706 -3.369005 -0.6584243 
Ra 0.22039746 -0.22112595 -3.7097511 
O 2.1254556 2.207341 1.5653967 
O 4.649076 1.7764924 -1.9291598 
O 1.7887697 5.1348424 -1.5654463 
O 1.738977 1.5906035 -4.8426256 
O 5.167185 -2.104452 2.4756608 
O 1.7187723 -1.3296876 5.012251 
O 1.7170429 -4.970706 1.8408729 
O 1.513823 -1.9051496 -1.7838386 
O -1.9677699 5.076724 1.7683561 
O -2.0320458 1.3654246 4.343427 
O -4.758447 1.5478517 1.7240269 
O -1.8041284 1.7835928 -1.8139586 
O -1.2389734 -1.4208212 1.8812393 
O -1.9772322 -1.7578582 -5.1221395 
O -1.4317542 -5.33989 -1.5354468 
O -5.4113817 -1.5143967 -1.3843179 
23

O 1.800303 -1.1126834 -1.7592375 
Ra 0.03591331 2.9636376 0.8320663 
Ra 2.037179 0.84895945 2.2200563 
Ra -1.3872552 -0.05875594 0.26999176 
Ra -3.1671648 -0.8800813 -0.6499064 
Ra 0.8172654 -2.6411774 -1.7315263 
Ra 0.5796019 -0.5815177 -3.537272 
O 2.4802086 2.6955507 1.0073639 
O 2.8981903 1.5625038 -1.963989 
O 1.5947908 4.175661 -1.0074942 
O 1.4638455 1.0736527 -3.4071882 
O 4.260715 -2.4249728 3.4011788 
O 1.4107115 -0.38749522 3.8532689 
O 1.4061635 -3.7440135 1.7318119 
O 0.87173533 -1.9008472 -1.5818232 
O -2.0655262 4.0228205 1.5411069 
O -2.234559 0.48147666 2.0943942 
O -3.1858144 0.9612238 1.4245301 
O -1.6351813 1.5811768 -1.6610327 
Ra -0.14893478 -0.62715876 1.8379676 
O -2.09041 -1.5134995 -4.1422544 
Ra -0.6559106 -4.7148957 -0.9286014 
Ra -4.9029036 -0.8732439 -0.5311624 
23

O 0.16008598 -1.7036388 -2.6935833 
Ra 0.05498717 1.9412774 1.2739837 
Ra 3.1191416 1.2998489 0.80277383 
O -2.1240377 -0.08996171 0.41338664 
Ra -2.2528994 -1.3474998 -0.99507713 
Ra 1.2513218 -1.4475559 -2.6511543 
Ra 0.8874333 -0.89036655 -2.8195736 
Ra 2.499282 2.8289938 0.24419683 
O 0.5428835 1.094176 -1.7088934 
O 1.1436112 2.4988298 -0.24439642 
O 0.9431195 0.34569222 -1.322215 
O 2.629057 -2.4147096 3.909387 
O 0.8617657 0.7048894 2.0052125 
O 0.8548022 -1.8379308 1.3534052 
O 0.036534727 -1.6122165 -1.1237563 
O -1.864358 2.2648146 1.0614152 
Ra -2.1231654 -0.5609936 -0.68781507 
O -0.9832671 0.17355123 0.8829236 
O -1.2054533 1.1227664 -1.2450346 
Ra 1.0701512 0.33793846 1.515941 
O -1.9024576 -1.0191453 -2.4476805 
Ra 0.2939163 -3.3244567 -0.12360287 
Ra -3.6123168 -0.038844675 0.48491925 
23

O -0.9922649 -1.7565196 -2.7771916 
Ra 0.056693964 0.84421414 1.313528 
Ra 3.215959 1.340196 -0.3296283 
O -2.1899676 -0.09275411 0.4262181 
O -1.165509 -1.389326 -1.025964 
Ra 1.2901626 -0.33516765 -2.7334456 
Ra 0.91497904 -0.9180033 -1.7497725 
Ra 1.998199 2.338145 -0.32688335 
O -1.1762457 0.549479 -1.1832771 
O 0.60044867 0.84041274 0.32667756 
O 0.3937338 -0.22223762 0.37272382 
O 0.9746824 -1.9110018 3.4520736 
O 0.3098547 1.3054291 0.33147392 
O 0.3026751 -0.15899965 0.8167546 
O -0.5409913 -1.0835993 -0.5799774 
O -1.3435671 0.59913385 0.5157013 
Ra -1.610408 -1.1570668 -2.445145 
Ra 0.72219276 -0.39972186 0.3316694 
O -0.6642102 0.57895684 -0.70502025 
Ra 1.6820285 0.9270881 0.9843354 
O -1.3828495 -0.47211927 -0.78767586 
Ra 0.88169956 -1.6916671 0.45122054 
Ra -1.9884621 0.53860956 1.078631 
23

Ra 3.594235 0.0 0.0 
Ra 0.0 3.594235 0.0 
Ra 0.0 0.0 3.594235 
Ra 0.0 0.0 0.0 
Ra -3.594235 0.0 0.0 
Ra 0.0 -3.594235 0.0 
Ra 0.0 0.0 -3.594235 
O 1.7971175 1.7971175 1.7971175 
O 5.3913527 1.7971175 -1.7971175 
O 1.7971175 5.3913527 -1.7971175 
O 1.7971175 1.7971175 -5.3913527 
O 5.3913527 -1.7971175 1.7971175 
O 1.7971175 -1.7971175 5.3913527 
O 1.7971175 -5.3913527 1.7971175 
O 1.7971175 -1.7971175 -1.7971175 
O -1.7971175 5.3913527 1.7971175 
O -1.7971175 1.7971175 5.3913527 
O -5.3913527 1.7971175 1.7971175 
O -1.7971175 1.7971175 -1.7971175 
O -1.7971175 -1.7971175 1.7971175 
O -1.7971175 -1.7971175 -5.3913527 
O -1.7971175 -5.3913527 -1.7971175 
O -5.3913527 -1.7971175 -1.7971175 
23

Ra 3.594235 0.0 0.0 
Ra 0.0 3.594235 0.0 
Ra 0.0 0.0 3.594235 
Ra 0.0 0.0 0.0 
Ra -3.594235 0.0 0.0 
Ra 0.0 -3.594235 0.0 
Ra 0.0 0.0 -3.594235 
O 1.7971175 1.7971175 1.7971175 
O 5.3913527 1.7971175 -1.7971175 
O 1.7971175 5.3913527 -1.7971175 
O 1.7971175 1.7971175 -5.3913527 
O 5.3913527 -1.7971175 1.7971175 
O 1.7971175 -1.7971175 5.3913527 
O 1.7971175 -5.3913527 1.7971175 
O 1.7971175 -1.7971175 -1.7971175 
O -1.7971175 5.3913527 1.7971175 
O -1.7971175 1.7971175 5.3913527 
O -5.3913527 1.7971175 1.7971175 
O -1.7971175 1.7971175 -1.7971175 
O -1.7971175 -1.7971175 1.7971175 
O -1.7971175 -1.7971175 -5.3913527 
O -1.7971175 -5.3913527 -1.7971175 
O -5.3913527 -1.7971175 -1.7971175 
23

Ra 3.594235 0.0 0.0 
Ra 0.0 3.594235 0.0 
Ra 0.0 0.0 3.594235 
Ra 0.0 0.0 0.0 
Ra -3.594235 0.0 0.0 
Ra 0.0 -3.594235 0.0 
Ra 0.0 0.0 -3.594235 
O 1.7971175 1.7971175 1.7971175 
O 5.3913527 1.7971175 -1.7971175 
O 1.7971175 5.3913527 -1.7971175 
O 1.7971175 1.7971175 -5.3913527 
O 5.3913527 -1.7971175 1.7971175 
O 1.7971175 -1.7971175 5.3913527 
O 1.7971175 -5.3913527 1.7971175 
O 1.7971175 -1.7971175 -1.7971175 
O -1.7971175 5.3913527 1.7971175 
O -1.7971175 1.7971175 5.3913527 
O -5.3913527 1.7971175 1.7971175 
O -1.7971175 1.7971175 -1.7971175 
O -1.7971175 -1.7971175 1.7971175 
O -1.7971175 -1.7971175 -5.3913527 
O -1.7971175 -5.3913527 -1.7971175 
O -5.3913527 -1.7971175 -1.7971175 
23

Ra 3.594235 0.0 0.0 
Ra 0.0 3.594235 0.0 
Ra 0.0 0.0 3.594235 
Ra 0.0 0.0 0.0 
Ra -3.594235 0.0 0.0 
Ra 0.0 -3.594235 0.0 
Ra 0.0 0.0 -3.594235 
O 1.7971175 1.7971175 1.7971175 
O 5.3913527 1.7971175 -1.7971175 
O 1.7971175 5.3913527 -1.7971175 
O 1.7971175 1.7971175 -5.3913527 
O 5.3913527 -1.7971175 1.7971175 
O 1.7971175 -1.7971175 5.3913527 
O 1.7971175 -5.3913527 1.7971175 
O 1.7971175 -1.7971175 -1.7971175 
O -1.7971175 5.3913527 1.7971175 
O -1.7971175 1.7971175 5.3913527 
O -5.3913527 1.7971175 1.7971175 
O -1.7971175 1.7971175 -1.7971175 
O -1.7971175 -1.7971175 1.7971175 
O -1.7971175 -1.7971175 -5.3913527 
O -1.7971175 -5.3913527 -1.7971175 
O -5.3913527 -1.7971175 -1.7971175 
23

Ra 3.594235 0.0 0.0 
Ra 0.0 3.594235 0.0 
Ra 0.0 0.0 3.594235 
Ra 0.0 0.0 0.0 
Ra -3.594235 0.0 0.0 
Ra 0.0 -3.594235 0.0 
Ra 0.0 0.0 -3.594235 
O 1.7971175 1.7971175 1.7971175 
O 5.3913527 1.7971175 -1.7971175 
O 1.7971175 5.3913527 -1.7971175 
O 1.7971175 1.7971175 -5.3913527 
O 5.3913527 -1.7971175 1.7971175 
O 1.7971175 -1.7971175 5.3913527 
O 1.7971175 -5.3913527 1.7971175 
O 1.7971175 -1.7971175 -1.7971175 
O -1.7971175 5.3913527 1.7971175 
O -1.7971175 1.7971175 5.3913527 
O -5.3913527 1.7971175 1.7971175 
O -1.7971175 1.7971175 -1.7971175 
O -1.7971175 -1.7971175 1.7971175 
O -1.7971175 -1.7971175 -5.3913527 
O -1.7971175 -5.3913527 -1.7971175 
O -5.3913527 -1.7971175 -1.7971175 
